pb
ra
ra
ra
pb
ra
pb
pb
ra
pb
ra
ra
pb
ra
ra
pb
pb
ra
ra
pb
pb
pb
pb
ra
pb
ra
ra
pb
pb
ra
ra
pb
ra
ra
pb
ra
ra
pb
pb
ra
pb
pb
pb
ra
ra
pb
pb
pb
pb
ra
pb
ra
pb
ra
pb
ra
ra
pb
ra
ra
pb
ra
ra
pb
ra
ra
ra
ra
pb
pb
ra
ra
ra
pb
ra
pb
ra
pb
ra
pb
ra
ra
pb
pb
pb
ra
ra
pb
pb
ra
pb
pb
ra
pb
pb
ra
pb
ra
pb
AA
57
84
87
99
76
98
53
59
83
92
77
71
54
90
64
55
70
74
86
63
93
73
51
61
88
68
62
80
96
56
97
66
81
94
67
79
85
95
50
91
65
89
75
52
82
72
60
58
78
69
AA
BBBB
10
28
44
26
34
17
3
27
49
41
18
8
47
11
33
31
46
14
9
43
20
16
25
1
36
4
6
29
45
23
5
13
42
22
24
40
32
38
37
30
21
15
19
2
48
35
12
39
7
BBBB
pb
ra
pb
pb
pb
ra
pb
ra
ra
pb
ra
pb
ra
ra
ra
pb
ra
ra
pb
ra
pb
ra
ra
pb
pb
ra
pb
pb
pb
ra
pb
ra
ra
pb
pb
pb
ra
pb
pb
ra
ra
ra
pb
pb
ra
ra
ra
ra
ra
pb
AA
84
87
99
76
98
83
92
77
90
74
86
93
88
80
96
97
81
94
79
85
95
91
89
75
82
78
AA
BBBB
10
28
44
26
34
17
3
27
49
41
18
8
47
11
33
31
46
14
9
43
20
16
25
1
36
4
6
29
45
23
5
13
42
22
24
40
32
38
37
30
21
15
19
2
48
35
12
39
7
69
58
60
72
52
65
50
67
66
56
62
68
61
51
73
63
70
55
64
54
71
59
53
57
BBBB
pb
pb
pb
ra
ra
ra
pb
pb
ra
pb
ra
ra
pb
ra
ra
ra
pb
ra
pb
ra
pb
ra
pb
ra
ra
pb
AA
87
99
98
92
90
86
93
88
96
97
94
95
91
89
AA
BBBB
10
28
44
26
34
17
3
27
49
41
18
8
47
11
33
31
46
14
9
43
20
16
25
1
36
4
6
29
45
23
5
13
42
22
24
40
32
38
37
30
21
15
19
2
48
35
12
39
7
69
58
60
72
52
65
50
67
66
56
62
68
61
51
73
63
70
55
64
54
71
59
53
57
78
82
75
85
79
81
80
74
77
83
76
84
BBBB
pb
pb
ra
ra
ra
ra
pb
ra
pb
pb
ra
ra
ra
pb
AA
99
98
92
93
96
97
94
95
AA
BBBB
10
28
44
26
34
17
3
27
49
41
18
8
47
11
33
31
46
14
9
43
20
16
25
1
36
4
6
29
45
23
5
13
42
22
24
40
32
38
37
30
21
15
19
2
48
35
12
39
7
69
58
60
72
52
65
50
67
66
56
62
68
61
51
73
63
70
55
64
54
71
59
53
57
78
82
75
85
79
81
80
74
77
83
76
84
89
91
88
86
90
87
BBBB
ra
pb
ra
ra
pb
pb
ra
ra
AA
99
98
96
97
95
AA
BBBB
10
28
44
26
34
17
3
27
49
41
18
8
47
11
33
31
46
14
9
43
20
16
25
1
36
4
6
29
45
23
5
13
42
22
24
40
32
38
37
30
21
15
19
2
48
35
12
39
7
69
58
60
72
52
65
50
67
66
56
62
68
61
51
73
63
70
55
64
54
71
59
53
57
78
82
75
85
79
81
80
74
77
83
76
84
89
91
88
86
90
87
94
93
92
BBBB
pb
ra
pb
ra
ra
AA
99
98
97
AA
BBBB
10
28
44
26
34
17
3
27
49
41
18
8
47
11
33
31
46
14
9
43
20
16
25
1
36
4
6
29
45
23
5
13
42
22
24
40
32
38
37
30
21
15
19
2
48
35
12
39
7
69
58
60
72
52
65
50
67
66
56
62
68
61
51
73
63
70
55
64
54
71
59
53
57
78
82
75
85
79
81
80
74
77
83
76
84
89
91
88
86
90
87
94
93
92
95
96
BBBB
a---
99
98
97
b---
10
28
44
26
34
17
3
27
49
41
18
8
47
11
33
31
46
14
9
43
20
16
25
1
36
4
6
29
45
23
5
13
42
22
24
40
32
38
37
30
21
15
19
2
48
35
12
39
7
69
58
60
72
52
65
50
67
66
56
62
68
61
51
73
63
70
55
64
54
71
59
53
57
78
82
75
85
79
81
80
74
77
83
76
84
89
91
88
86
90
87
94
93
92
95
96
